A                PRECIPITACION (MM)
A                CUENCA: SONDOR (Formato para extender datos)
A
B       1988            1            1       27           0           0            1           0           0           0
C
H1011988          -1          -1          -1          -1    8100    2840    2200    1070  16100  17670  53990  41530
H1011989           0           0           0           0           0           0           0           0           0           0           0           0
H1011990           0           0           0           0           0           0           0           0           0           0           0           0
H1011991           0           0           0           0           0           0           0           0           0           0           0           0
H1011992           0           0           0           0           0    1250  19910  42700  84280    8180    6859  22240
H1011993  10390  12170  26489  21250    6650  29430  30939  23880    6080  34200  17330  41179
H1011994  18210  19290  20440  21490  21210    6100    3820    2120    6559    6030  19890  25280
H1011995  14680    6959  18780    8070  24650  11380    3460    1070    2030  11230  18710  18040
H1011996  12370  17860  24510  19130  12270    9520      930    4609    5870  14219    4230  11400
H1011997    6650  25090    9590  22320  13320  12881    6950    4620    5330  16740  12770  14750
H1011998  22430  21710  19740  30260  24090    5120    3690    2830    6140  23250  22470    7220
H1011999  26830  38800  27130  18180  17400  15730  12210    2610  16450  22370  11410  32320
H1012000  16280  15079  31030  23280  26550  15030    9960    7820  18750    3140    5180  12310
H1012001  22020    9830  10630  21290  18540    2180    5050    3020  12480  17820  25739  14060
H1012002  13250  20390  14000  15480  19810    4050  26150    6480    6770  17880  19000  15269
H1012003  12440  14069  21070  17900  22830  13610    6140    6600    4060  17420  14080  14200
H1012004  11160    7730  14330  16810  22700    8020    5740    2780    8280  15730  23590  16019
H1012005    8059  21980  26900  16760  12480    9570    2820    3729    6570  20980  18560  20640
H1012006  24050  27620  28590  11190    8380           0    2330    2570    3170  16130  16100  27039
H1012007  22650    8070  16650  15010  15500    8590    8060    6820    8460  24340  36730  19180
H1012008  17736  41770  25810  10970  13730    9820    8710    6559    3610  16500  18410    2550
H1012009  37280  19540  34140  22650  19120    8180  14880    6070    7270  17110  13590  16590
H1012010  13240  20950    9240  25420    4960    4280    1110    2090    5420  11200    6040  15660
H1012011  21520  17180  17100  19360    8230    7039    7180    2780    9080  12869  19760  40260
H1012012  39980  27020  27830  23460    8220    5750    9670    5010    2690  18340  14260  24940
H1012013  12480  22950  18070    9250  30420    9460    6800    8890    5350  18820    3779  15010
H1012014  21310  17350           0           0  42780  10850    3529          -1          -1          -1          -1          -1
H1021965          -1          -1          -1    1520    1650        50         0         0    220    8290    5170  2650
H1021966      800      100    5530    1090           0         0         0         0    930    3670    2170    710
H1021967    2340  13360    7680           0           0         0  1220         0         0    4940           0    220
H1021968           0    2530    1930      180           0         0         0         0         0    4000           0         0
H1021969    3720    4029    2250  35200           0    140         0         0    250    3560    1120         0
H1021970      800    4960    1760    3950    5860  1030         0         0  1530    4200    4120  1010
H1021971    5600    9850  24370    5230  12260  1560         0    200  1539    3170    2130  1380
H1021972      680    3720  12720    5840      500    120    680    390    240    2010    2260  4540
H1021973    4840    6559    2530    7490      980  1370    890  1400  2560    1470    3570  4580
H1021974    2370    8690    2530    2550           0  1170         0         0  1789    4640    3190    960
H1021975      160    4570  17050    3590    4490    710         0  2870         0    5380    2710         0
H1021976    2860    1639    4710    2420    2530        80         0    670        60           0    2000         0
H1021977      600    7330    4640  11700           0    180    250         0  1530    1260      430    693
H1021978      204      580    2710    2420    4810    120    540         0         0           0           0  1670
H1021979    3800    3640    3340    4760    1590         0         0    861  2632          82      412        91
H1021980      851      430    3561    3370           0         2         3    761    161    9543    3400  2451
H1021981      784    7102    5330    4410    1600    751         4    750         0    1044    2550  1142
H1021982    1313    6700    3651  10261  10641    101         1         0  1630    1863    2202  8610
H1021983    3490    1321  11120    8030      781         1         0         0  1036    2000      943  4813
H1021984          42  11963    5529    6911    2622  1481  1110  1942    900    5071    2910  1829
H1021985      100    3000    2875      112    4880         1         0    142         2    1093    2310  5911
H1021986    2790    6440      992    9582      619         2    202    401         0    2681    1772  1784
H1021987    5785    5533      382    2676           1         3  2352        51    152    3992      212    663
H1021988    3719    5493      902    7283    1405         0    660    132  1073      258    5050  3270
H1021989    7708    3431    3624    7666    2422  1067         0         0  3272    7766           2  1280
H1021990    4055    2482    4433    5674    1943        57        75         1         0  15231    9912  1304
H1021991      646      179    1829    3615      410    592         3         3    822    1320      820  4043
H1021992      533    1200    1741    3186    2103    162        20         2    925    4272    2611  1914
H1021993    1310    7264  16544    2176    3703        64        83    223  4903    2904    1841  5313
H1021994    2104    9688  12254  17002      885        81        72         0  1553      133    1321    686
H1021995          44    2774    4151    3981      215         1    841    210    200    2225    2315  9363
H1021996      482    5163    7257    6252    2476         2         0        44  1222    5787      800    231
H1021997      841    7133    1021    1344      171         3    509        30    181    2950    2422  2361
H1021998    4602    6101  15903  12045    3673  1363         1    120  1900    6541    1550  1850
H1021999    5891  15522    3100    5371    4082  1762    300         1  1834    1153      563  6913
H1022000    1693    7996    8244  11272  11455  2981    372    442  2930          62      891  3043
H1022001    7220    3622  10351    4133    1613    501    650    340  3072    1631    7813  1272
H1022002      501    3302  16082    4754    1614    312  1283         0        40    4963    4174  3083
H1022003      524    5840    3084    2004    1463  2611    940         1    311    1301    2872  1442
H1022004    1630      853      780    3152    2931    652    200         0    721    4713    2663  4621
H1022005      425    3804  15443    2183      382    172         0        42    380    6485      692  3631
H1022006    1383    5915  12323    6253    2460  5063  4170         2        33      322    2953    541
H1022007    2483      640    4243    9281    2021    451    372        77        32    8780  12282  1220
H1022008    2039  21991    7311  10091    2535  1023    422    744    232    6603    7792    990
H1022009    7323    7723    9202    1511    1071    121        70        50    490    2100    4130  1533
H1022010    1900    6622  20433    7352      480    700    490    509        93    5232    2591  4772
H1022011    7964    4591    2862  10251    2272         1    353         2  1826    5921    4820  9092
H1022012  10200  10690    6021    9642      473        23         0         2         3    3640    6495  3215
H1022013    1791    3990    4471           0  11560         0    641         0    650    2770    1280  2730
H1022014           0      210    4010    3400    1290    520         0        -1        -1          -1          -1        -1
H1031963          -1          -1          -1          -1        -1          -1        -1        -1  2200    5100  12800  11300
H1031964    3000    4200    4800  12100  2700    2100  2100  2700  1800    5000    9100    5500
H1031965    2800    7600    8900  12800  9500    2000  1900    500  2800    7100  10800    4800
H1031966    6900    1300  10050    4600  3600    2600         0  1600    700    1600    5300    1500
H1031967    3500  13900    9130    4450  2300    1700  2000  2900    602    5450           0    3700
H1031968    2900           0    5900    1200         0           0  1300    700  3950    7900    2300    1200
H1031969    9500    4900           0    6600    300    3200         0    600  3400    4800    8700  10400
H1031970    6800    6400  12500    6300  6601    3500    400    600  2300  10200    5500    5400
H1031971    6900  11600  27000  12900  6600    3650  1000    700  3400    7800    5100    3300
H1031972    9800    4400  22600    6000  4900      900  1400    800  2600    1900    4400    5400
H1031973    7200  14700    1900  13300  2200    1500  1800  1700  2500           0    3300    3900
H1031974    9300    7100    8700    2400  1100      400  2300    600  2800    6100    4300    2406
H1031975    3701  13800  21400  10000  5200  11300  8600  2000  1200    9400    6000           0
H1031976    7550    5303    4610    6500  6110    1585  1353        57        47      309      176    1078
H1031977    5437    5207    3411  10632    405    2104    401    106  3401    3601    1205    1800
H1031978      800    3803    3700    4903  2003    1404  1203    206    607      704    2707    2109
H1031979    5605    4103  14603    4404  1802      405         3  1405  3204      401    2304    1401
H1031980      801    3502    6105    5103  1605           4         5    400         3    7503    3904    6701
H1031981      801    7104  15603    8103  1506      902         6         3    700    3004    3401    3104
H1031982    2701    8602    2905  11201  4201           2         4         0  2201    2200    2200           0
H1031983    4300  12100  21400  14600  8800           0         0         0         0  11800    6100    4800
H1031984      800  29700  13600  14700  5500    5600  3800  1500  5200  13000    3900    1100
H1031985           0           0           0           0         0           0         0         0         0           0           0           0
H1031986           0           0           0           0         0           0         0         0         0           0           0           0
H1031987           0           0           0           0         0           0         0         0         0           0           0           0
H1031988           0           0    2770    5893  4638      433    353    735  6373    5771    6720    3779
H1031989  17881  12450    7250    7200  1461      400    170        40    200    7521           0          60
H1031990    5791    4301    5749  11001  3300    2275    256        20         1  18020    5542    4621
H1031991    5493  10521    9530    3872  1731      710    100        91    780    2241    1861    8954
H1031992    4562    3325    4594    7483  4631    1171    122         1  2861    6823    6761    9332
H1031993    3292  14710  24120    5380  2820      750        50    150  4559    5740    3810  10320
H1031994    9330  13130  17220  13210  4100    2450    500    110  3940    1530    4530    6700
H1031995    3460    4910    8560    7900    270           0  1650    650    650    2620    8600  13940
H1031996  12380    9310    8170    7350  2490      520  2180    819    320    5470    2440    1800
H1031997    2630  10400    3840    4820    969      400    310         0    290    3300  11230    6830
H1031998    4990  14630  14900  16270  3560    1590    520         0  3550  13750    3010    2329
H1031999    9020  22190  19750    5710  9340    4150  1630         0  7619    2400    2760    9290
H1032000    3579  15610  29550    6430  7870    3469    540         0  4130      220           0    6709
H1032001    9570  11220  14350    5520  3120    3610  1530  2029  2370    3890  10030    2050
H1032002    6900  10500  10570  11990  3040      919  1480         0    730    7650    7550    3940
H1032003    2720    5380    7990    3970  4670    2770    540         0  2220      770    3340    2950
H1032004    1810    1350    4480    7009  3050      829  1170         0  1190    9090    6140    9530
H1032005    1060           0  31839    4520    780      680         0         0  1550    5090    2430    8960
H1032006    8320  19220  21420  11450    730    2850    640    190    670    2290  10040           0
H1032007    6150    4670  14250  10040  5410    2380    170  1190    250  12640    9540    3260
H1032008    5280  23070  17860  13740  2000    3440  3360    610    509  10650  15580           0
H1032009  17740    9520  18660    8810  2530      630        60    500  1860    4820    3160    5220
H1032010    4560  11570    8130    5900  2130    1170    760  1240  1960    3140    2450    5840
H1032011    3660    5020    5980  13260  1370    2610  1880    430  2990    2460    8350    8590
H1032012    8770  16210    7530    6780    790      530        70    380        40  10930    7600    3940
H1032013    5710    1400    5000      489  5980      610  3779    760    200    8290          20    2190
H1032014    2300    6130  12800    2080  8710      700    160        -1        -1          -1          -1          -1
H1041963          -1          -1          -1          -1          -1          -1          -1        -1          -1          -1    8530  21200
H1041964  10000    5159  15040  18230  11040    5100    4880  7570    6859  10470    3450           0
H1041965  20600  17210    9470  18310  20650  18700    9840  2180  13430    5230  13929    9819
H1041966    8820    2920  13550  12730  11700    2481    2290  1120    5190    5710  13910    4182
H1041967  23752  14432    8800    9532    7252    4262    5606  1664    4853  19540    1655  12383
H1041968    6890    7761  12770    7250    2831    3202    2911  3213    9071  10150    5381    1844
H1041969  13643  14441    5523  16781    5521    5421    1022  3181    4060    4081    8742  21251
H1041970  15243  13001  14681  14380  12990    6483    3721  1061    5921  11241    9661  11680
H1041971  13911  16604  24660  17460  19600    8882    3474    472    2603  15653    9956  10743
H1041972  29100  14519    8990  38080    8880    7640    5600  2790    6950      600  22150  11340
H1041973  17300  10150    9400  18510  12720    5030  12330  7990    4300    4920    7500  10000
H1041974  11550    7830    6300    4750    2940  11490    4720  7109    4880  10540  12530  10250
H1041975  10480  20490  18110  13800  13619    9420    5490  4380    2850  15660    6959      420
H1041976  14930  13240  12560  12470  10770  12510    3800  6210    5730    6880    5100    8050
H1041977  12300  12480  15040  18360    4550  10570    3640  5350    6990  10210    5740    4360
H1041978    2210    9080  14300  16660  10580    7180    6150  2340    2750    3120    2960    8290
H1041979    4630    3110  21839  17660    5570    3469    2240  6950    7159    2920    2830    3110
H1041980    5370  13319  19900    9470    7109    4460    4010  2520      630  18660  11230  11110
H1041981    8470  15510  10630    2310  12960    6310    3900  3400    1480    9580    2930  12850
H1041982  11469    9060  12360  23780  14360    2720    2500  1330    5900    6850    2500    5490
H1041983           0  10720  18030    9730    8450           0           0         0           0           0           0           0
H1041984    7840           0           0           0           0           0           0         0           0           0           0           0
H1041985           0           0           0           0           0           0           0         0           0           0           0           0
H1041986           0           0           0           0           0           0           0         0           0           0           0           0
H1041987           0           0           0           0           0           0           0         0           0           0           0           0
H1041988           0           0    6880  11870    7659           0           0         0           0           0           0           0
H1041989           0           0           0           0           0           0           0         0           0           0           0           0
H1041990           0           0           0           0           0           0           0         0           0           0           0           0
H1041991  24950    5440    9880    9660    7780    1500    2840  3460    3360    1040    6770  10540
H1041992    5750  12300    9930  19980    4920    3180    2490  2770    4670  12919  10960    8300
H1041993    4960  13200  25370  11650    7290    6340    1880  1480    3980  13080    6680  19080
H1041994  15460  14000  17870  16960  12490    6890    3779    980    5409    6850    7159  12260
H1041995    7459    4380  12030    6600    9090    2750    4000  1330    2220    4060  23710  17300
H1041996  13360  10990  14229  15410  10620    3660    1200  3729    4770  13439    6750    5700
H1041997  10690  19730    3960  18370    6040    2400    2860  2980    3729    5260  14290  11140
H1041998    9530  11210  20200  25350  11500    6120    3710  1320    3920  15240  12050    5840
H1041999  14960  29260  11660  15750  17200  12680    4320  2040    8820    6930    5920  20310
H1042000    3240  13629  28339  19170  18660    6940    3890  3129    7680    1850    2060  11960
H1042001  20170    7609  13330  11710    7120    1420    6280  2410    6280    6809  18580  11750
H1042002    5680  10570    9880  18120  11950    2870    9240    740    3910  12540  14679  10560
H1042003  11960  10850  14660  17550  14040  12110    3710  1130    3060  14869  10360  11200
H1042004    9300    3510  13560  15780  10510    6380    5730  2170    6920  15810  11130  14080
H1042005  12110  20639  27839  14179  10420    7509      839  1170    4029  12840  11640  20210
H1042006  15330  17200  25060  13050    5580  11030    2510  1410    1330  11850  17270  11250
H1042007  14950    4720  19040  16250  12050    9070    5230  5600    2230  15580  30330    9040
H1042008  12150  30330  16300  16740    6390    6490    7430  4400    4970  16450  23489    4760
H1042009  29350  13540  20990  17180  10900    7020    7480  2910    4420    6900  10070  13110
H1042010    6180  24860  14119  20200    8380    5430    2110  2370    3810    8159           0    9920
H1042011  10910  18020  14490  21530    7070    4120    4160  1820  16610    8690  14390  26910
H1042012  30550  18020  20220  22390    9290    4850    4050  3850    1520  24550  13240  15130
H1042013    9940    9590  12869    5090  23850    5530    9190  6370    4370  10180    3610  11430
H1042014  10350    9930           0           0  20270    9430    3740        -1          -1          -1          -1          -1
H1051963          -1          -1          -1          -1          -1          -1        -1        -1    740           0           0           0
H1051964           0           0      360    1520           0           0    200         0         0          30      290      200
H1051965    1500    1900    1770    3500    2100    1000        40        40    610    5300    5700    2600
H1051966      229      180      509      270      910           0         0         0  1220    4850    3850      900
H1051967    5900  10500    5550      650    1200      250  1650    750    400    4850    1750    1700
H1051968      250    2450    3600    2300      350           0    350         1  3900           0           0           0
H1051969           0           0           0           0           0           0         0         0  1807           0    5461  10657
H1051970    6059    8056    2311    1703    6005    1002         0         0  1100    4904  11900    3501
H1051971    8202    9304  18608    7405    7402      803         0         1         1    4704           0    1802
H1051972      800    9102  15106    8201           0           0    500    301    880    7290  15410    5080
H1051973      801           0    8151    7203    3092  14981         0    241  4891      641    3829    1302
H1051974    4143  17834    5802           0           0    5783         0  3001  7102  23607           0          85
H1051975    2360  19136  20866    9050          83      100        93    844  1240    7640           0           0
H1051976      234    1183    2965  11402    7002      182         0         0         0    2500           0      900
H1051977    5000    3700    4300    7900           0           0        13         4         3           0          14           0
H1051978          11           9  15709    3818      991      172         4         0         2           5           0    2508
H1051979    6915           5    5989          14           2      293         3    504  2032           7      317           3
H1051980      501           0           6           3           3           6         4         1    795    3513    2566      915
H1051981    1669    2095    2353      400      408           5    347    150         2    4366           8           8
H1051982    4780           0           7  10198           0           0         0         0         0    3615    7270  12149
H1051983  19101  25035  15476  37342  18341           0         0         0         0           0           0           0
H1051984      160  15050    7950    9100    4040    2570  1460  3000  1660           3           4           0
H1051985           5           0           0           0           0           0         0         0         0  15015  20405  11908
H1051986  36206  24905  24504  30402          11           3        14         6  2103  16507  21711  10810
H1051987  21006    4512  12412    2618  25009           6         0         0         4    5306           5           7
H1051988    9610  18811  13209  20008          11           0  3012         0         0           9           3           0
H1051989  10125  12712  20408  28705          12    7009  2614        12         7           6    2204           0
H1051990          16    5319    6015    1112           0           0         0         0         0           0  31309           1
H1051991    3411  14111  10012  12811    3213          10         0         0         0           0           0           0
H1051992  18666    3963  11132    2038  21729           7         0         0         0  10450    3270    2400
H1051993    3969  11400  11260  11510    1709      680    409    420  2579    6370    5050  14710
H1051994    4920    7209  13600  13100    3060    1190        50    170  4490      660    5740    4350
H1051995    1470    2960    5020    3870    1080          50  1600    100    440    2350  10410  11360
H1051996    2380    4970  10120    7590    1350    1620         0    140  1310    6070    5020    2230
H1051997    4029    6600      869    4470      919    1130    420    140    290    2370    3670      800
H1051998    3500    6920  17530  14569    4450    1370         0  1010  7000    8910    4880    3590
H1051999    8600  14850    7720    5630    8210    3060    690        80  7480    2990    4029    8890
H1052000    4810  14380    6530  12530    5660    4320    380    790  6030      360    1939    7980
H1052001  12100    6909  13930    2560    6620      390  1100         0  4940    8680    7159    5570
H1052002    3300    4040    2920    8550    2460      510  2350         0    250    9980    7059    4730
H1052003    1890    5760    8710    3329    2910    2440    300    250  1220    7720    5490    4730
H1052004    2470    2710    1390  13780    4830      400  1120         0  4820    9610    9110  10970
H1052005      990  11250  17120    3250    1430      680        10  1100  1870    5020    1710    9930
H1052006  13810  12580  21000  10150    1439    1780  2640    210    360    5060    4830    2120
H1052007    6840    2730  12460    9280    6160      111    972  1251    769  15960  23380    3991
H1052008    6781  16231  12022    7452    2792    2980    491  1912  1013  14073    9141    3729
H1052009  14490    7931  14460    9531      773      891    644    969    622    7330    4420    3440
H1052010    1222  13124  11462    4834    1632      413        32    311  1261    6190    2341    8582
H1052011    3970    7844    7091  14522    5001      231    421    100  2192  10080    5490  11500
H1052012    9281    9922  11371  10340    1340      383    220    101    260  11660    8620    6689
H1052013    5062    3431    9730    2060  13490      300    240  1840    550    8520    2910    8460
H1052014           0           0           0    4780  11110      990        -1        -1        -1          -1          -1          -1
H1061964          -1          -1          -1          -1          -1          -1          -1          -1    4000           0    9100    4000
H1061965    1500    3500    6800    9000    4900    1600    1900    2100    9800    4700  12300    4100
H1061966    4400  14500  13700    3800    6300      800      700    3100    6100  12700    4800    4200
H1061967  21600    9200  18800    3200    6700    3700    3600    4750    4900  14100    6850    5700
H1061968  10100    3250    7550    3900    1850           0    3300    5050    6800  11900    3500    1400
H1061969    5150  11850  16300  12150    2900    5200      900    3450    3900    5000    9950  10250
H1061970  12750    8650    8900    6400    7800    5100    3250    3600    5350  10400    7350    7650
H1061971    4600  11250  34850    6600    6000    7000  10400    3850    5250    5700    5550  29050
H1061972  21900    7100  39500  25800    2850    2350    5950    5300    6750    1200  33250  10950
H1061973  22450  18470  24020  21150    5930    3400  12150    3500  12950  12600  11050  10750
H1061974  29500  32050    3700    9450    4400  12300    1250  17800  26800  37600  20750  23950
H1061975  39350  26550  47300  30700  19700    8800    2250  23800  18000  44000  12000    1950
H1061976  28350  23650  32050  10500    5300    2450    3400    2650    2450    1250    1250  26550
H1061977  11950  25700  88650  30750    4450  31300    5000      600    6500    2300  17300  19750
H1061978  14150    5650  26489    6030  11230    1980    3060      250    7490  12750    6640  15260
H1061979    3130  12769  24290    3500    3910      330      550    6850    2930      770      869    2680
H1061980    5260           0  27789    9900    3750      200      190    5600           0           0           0           0
H1061981    1280  15960  10890    9540    3600    2110    1270      550      310    8090    4010    4029
H1061982    4650    6920    4480    9710    6980      459      440      790    5130    8850    6690    9090
H1061983  12850  19320  19890  11200    2520    7300    4170    2750    4310  11270    9560    2520
H1061984    3929  14680  17750  12640    4250    1860    4870    4880    9690  14510    5740    7780
H1061985      150    1889    3740    5920    3929    2039           0    9270    8780  11950    1400  16260
H1061986  28050  13150    4880  14710    2990      370    1580    3990    1140    5110    3800    9470
H1061987    8540  10580  11140    6470    2540    4630    1730    4540    3929    1500    3979    2500
H1061988    6750    6759  11270  11880    2590      509    1800    3229    8130    4840    5720    9740
H1061989  10960  12250  12900    9500    4400    3450      520          70    9420    8159      520      120
H1061990    6160    6280    9590    9130    3450    3969    2650      250      670  10570    8900    5450
H1061991    2890    8880    6430    5970    2010    1100      430      150    1300    4640      170    9570
H1061992    5840    4200    5190  12470          50      150      390      620    5420    4280    3550    6870
H1061993    2690  13130  18930  12869    4650      710    1150      980    5180  13050    2500  10890
H1061994    6990    8350  15610    8520    4600    1660      390      150    4140    1730    5030    4910
H1061995    6320    7180  12090    5090    5730      310    3050    1770      700    2290  10620  16040
H1061996    2120  13860  13440    6420    3080    3010           0    2580    2100    9080    2060    1760
H1061997    3759  11830    5490    8109    1090      710          90      340    1070    1610    6800    8690
H1061998    4530  14960  23130  17200    8350    3340           0    1180    6400    9790    4500    3540
H1061999  10990  19630  13350  12860    7850    4370    2440           0    6500    4230    3969    8210
H1062000    4220  14769  15040  13469    6260    4980    1289    1370    7330    2050    2140    8470
H1062001  11210    7090  14490    4380    3710      640    1570      180    6150    4800  11370    7940
H1062002    4970  14319    9800  17580    4540    1260    2170           0      520  10200    9010    5330
H1062003    8000  11630    9210    2970    6370    3840      840      420    2090    3529    5810    7330
H1062004    5680    2210    5090    5470    5430    1330    2160      170    4100    9060    4680    8700
H1062005    1510  12560  13119    2030    1100    1120      240      330      570  12380    1980  10520
H1062006    7350  15910  25809    6480      940    3410    3279           0    1350    4640    4890    4510
H1062007    7230    4470  16370  12290    4530           0           0           0      340  16000  13660    6110
H1062008    7059  23820  16940  17280    6190    3110    2420    2340    3550  15500    6150    1430
H1062009  14480    8350  22400    5310    2850      700    1000    1590    1939    3790    5500    5270
H1062010    3319  21220  12419  13830    2780    2530      940    1300    9510    6590    5310    9380
H1062011    7150    9530    4840  19920    7059      470    1570      700    8430    8340    5160  13840
H1062012  21150  16970  20990  10469    3529    1000           0    1420    1270  10520  10100    6060
H1062013  11660  13080  16490    5400  14479      590    2480    1120      560  16430           0    8340
H1062014           0           0           0    5320  11990    3510          -1          -1          -1          -1          -1          -1
H1071963          -1          -1          -1          -1          -1          -1          -1        -1          -1          -1    6990    7600
H1071964    9850  13900  24950  18800  10850           0           0         0           0           0           0           0
H1071965    5350    7300  12050  11850    6830    4730    9350  4040    8500    7800  19200  11100
H1071966    6150  11020    8500    7950    9711    1110    2354  1360  11072  17651    4060    4780
H1071967  14569  10600  14831    1880    5180    1300    6870         0    3000  12100    2280    7550
H1071968    3357    2256    3801    5150    2506    1002    2057  6003  12533  12263    2680    2454
H1071969  10382  10310  11000  15213    7102    7701    2452  4402    2551    7551    6701    5520
H1071970    5100    5850    7550    6052  11950    4201    6852  2702    3853  10954    7502    7752
H1071971  11011  10173  30500    9752  11561  10901    6652  6353    8100  18804    5700  10250
H1071972    7802  11752  36205  15650    7303    7052  10901  6653  10903    8152  12252    8601
H1071973  13201  12551  11902  20051    8201  10700    8202  8404  14351    6303  13201    7601
H1071974    8351    7450    8750    4452    4703  10902    6552  6101    6254    8453    5204    7701
H1071975    6953    7102    6851    5405    7803    5503    3901  7153    7653    5803    6754    2002
H1071976    2907    5564    8602    5753  13455    5254    1151  5503    8802    6703    3603    4952
H1071977    7653  17802  15252    3553  13855    4553    7504  3452    7253    3751    4905    1053
H1071978    6701    2601  21103    7202    4652    6853    7704  1802    7000    2452  11250    7203
H1071979    6752    4751  12103    7100    4702    2053    2703  6801    3604      800    5250    3401
H1071980    4354    7403  14101    3401    3204    3801    2702  1552    2503  13051    5754    6000
H1071981    5204    9303    7054    7854    8153    7806    5500  5003    6303    3904    3301    5552
H1071982    5352    4157    6804    3752    3201    3951    3853  2553    3501    3252    2401    2705
H1071983    4702    4404    4404    6202    4702    1501    4550  4050    2802    4004    2955    3706
H1071984    5654    6501    6201    5702    2003    3751    3404  3803    3804    3751    3401    2454
H1071985    2403    3102    1603    1204    2606    3352    2101  2101    2251    1302      902    2753
H1071986    1652    3253    5952    2806    1953      204    2703  2754    2803    2351    1755    2002
H1071987    3102    2303    2002    2754    2205    2102    2854    952    1351      952    1051    1803
H1071988    1854    3401    2452    1252      252      404      801  1552    2002      501    4300    3601
H1071989    2852    1900    2354    2653    1703    1650    1802  2052    1955    1054    1602    2451
H1071990    4001    1750    1904    2353    2352    2554    1907  2453    2454    3801    1554    2401
H1071991    2203    3203    2552    2901    3054    1151    1152    552    2254      703    1002    1201
H1071992      952    2502    3203    2803    2054    1903    1353  1253    1952    2203    1102    1504
H1071993    2751  10651  10854    6652    3303    2355    1900  4253    2703  11950    6151    6651
H1071994    8152  15751  18003  13301  10000    4050    3100  1700    5900    4200    5050    8003
H1071995    8050    2600    8101    4751    4252    4350    3400  1000    2402    5201    9100  22800
H1071996    2870  13000  16901    8900    7800    5150    1301  3600    2500  12100    8550    5000
H1071997    7200  16850    1750  10900    6000    2752           0  2901    2200    5850    4700    7400
H1071998    7900  10600  29551  29900    9800    5053      902    752    3750  10350    5700    2800
H1071999  12351  33530    7531  11520    5130    9390    9520  1750    6850    7659    2880    7470
H1072000    6740  12340  10900  15080    9130    8690    1589  5890  13610    4060    3110  15890
H1072001  14510  10340  13300  10219  10200    1610    7859  1939  10560    7230    9110  13030
H1072002    5460  12950  10710  16470    5960    5350    7959    440    2800  12850  11010    7800
H1072003    7290  11930    9420    7280    9560    5770    1650  1450    1560    7890    7409  10410
H1072004    5759    7980    5770  16130  10850    6060    9970  2130    4110    7990  17100  10200
H1072005    4400  20000  15290    2420    3910    6459    2170    840    1550  15840    7340    6659
H1072006  10450  15360  25150    8580    3530    5940    2260  1900    4070  10860  10030    3800
H1072007  11590    3570  12919    9530    9290    1670    4330  3080    2050  12810  23510    4750
H1072008  11610  29720  14320  11850    6759    3850    5740  2610    8490  12919    5140    4960
H1072009  12240  11830  25750  13230    6740    7020    5150  3590    5059    5550  12140    6600
H1072010    3200  17210  16620  18040    5250    2510    2080    540    4090    7239    4430  10090
H1072011    6440    5840  13580  12290    7890    4750    4120  1970    7609  13319    6680  13130
H1072012  16590  12700  14950  21770    4620    1780    4020  2840    1450    8980    8840  12930
H1072013  12250    8350  16630  12750  18540    3250    1760  6990    1889  12930    2340    8170
H1072014           0           0           0  12860  13819    4830          -1        -1          -1          -1          -1          -1
A